5.110000000000002274e+01
1.483999999999999773e+02
-4.160000000000002274e+01
1.150000000000000000e+01
-8.000000000000113687e-01
3.590000000000000568e+01
-4.300000000000011369e+00
1.025000000000000000e+02
2.389999999999997726e+01
1.360000000000002274e+01
1.889999999999997726e+01
6.750000000000000000e+01
1.319999999999998863e+01
9.699999999999988631e+00
1.030000000000001137e+01
1.919999999999998863e+01
3.999999999999772626e-01
-4.300000000000011369e+00
-5.850000000000000000e+01
-6.950000000000000000e+01
3.330000000000001137e+01
3.910000000000002274e+01
-2.010000000000002274e+01
9.300000000000011369e+00
1.869999999999998863e+01
9.839999999999997726e+01
-6.219999999999998863e+01
2.175000000000000000e+01
3.409999999999999432e+01
6.039999999999997726e+01
-7.550000000000000000e+01
-1.199999999999988631e+00
6.599999999999994316e+00
2.300000000000011369e+00
1.666999999999999886e+02
2.094999999999998863e+01
-2.000000000000000000e+01
-1.439999999999997726e+01
1.784999999999999432e+01
4.800000000000011369e+00
1.400000000000005684e+00
2.719999999999998863e+01
-3.220000000000004547e+01
4.800000000000011369e+00
1.389999999999997726e+01
3.839999999999997726e+01
4.610000000000002274e+01
9.650000000000000000e+01
2.100000000000022737e+00
1.159999999999999432e+01
1.440000000000000568e+01
-2.650000000000000000e+01
-9.039999999999997726e+01
1.690000000000000568e+01
8.130000000000001137e+01
2.430000000000001137e+01
-4.300000000000011369e+00
8.989999999999997726e+01
4.650000000000005684e+00
1.909999999999999432e+01
3.500000000000000000e+01
-6.130000000000001137e+01
3.969999999999998863e+01
3.530000000000001137e+01
2.259999999999999432e+01
